# block size, block count
1, 462165
2, 176783
3, 97729
4, 64381
5, 45940
6, 34303
7, 26715
8, 21765
9, 17657
10, 15208
11, 12623
12, 10939
13, 9596
14, 8300
15, 7341
16, 6456
17, 5974
18, 5362
19, 4873
20, 4337
21, 4023
22, 3606
23, 3314
24, 2992
25, 2873
26, 2582
27, 2451
28, 2191
29, 2126
30, 2058
31, 1859
32, 1632
33, 1665
34, 1509
35, 1447
36, 1388
37, 1245
38, 1162
39, 1212
40, 1105
41, 1043
42, 962
43, 892
44, 861
45, 838
46, 786
47, 765
48, 717
49, 702
50, 654
51, 619
52, 617
53, 589
54, 567
55, 516
56, 550
57, 506
58, 475
59, 456
60, 452
61, 403
62, 425
63, 411
64, 357
65, 356
66, 360
67, 345
68, 368
69, 358
70, 304
71, 299
72, 265
73, 296
74, 290
75, 268
76, 286
77, 239
78, 262
79, 245
80, 231
81, 257
82, 236
83, 198
84, 216
85, 195
86, 179
87, 216
88, 181
89, 170
90, 218
91, 181
92, 178
93, 176
94, 166
95, 176
96, 145
97, 154
98, 163
99, 159
100, 146
101, 134
102, 149
103, 134
104, 125
105, 115
106, 116
107, 102
108, 127
109, 127
110, 120
111, 117
112, 105
113, 115
114, 112
115, 91
116, 93
117, 99
118, 100
119, 101
120, 94
121, 75
122, 85
123, 72
124, 75
125, 95
126, 78
127, 76
128, 86
129, 77
130, 79
131, 68
132, 86
133, 77
134, 81
135, 71
136, 68
137, 69
138, 74
139, 57
140, 77
141, 70
142, 70
143, 61
144, 66
145, 58
146, 74
147, 66
148, 63
149, 68
150, 49
151, 70
152, 57
153, 52
154, 56
155, 42
156, 60
157, 73
158, 73
159, 42
160, 51
161, 46
162, 45
163, 45
164, 63
165, 43
166, 42
167, 46
168, 52
169, 40
170, 35
171, 53
172, 37
173, 36
174, 34
175, 31
176, 36
177, 33
178, 38
179, 30
180, 43
181, 36
182, 40
183, 26
184, 41
185, 43
186, 40
187, 43
188, 28
189, 32
190, 40
191, 35
192, 31
193, 30
194, 38
195, 29
196, 29
197, 37
198, 35
199, 36
200, 30
201, 28
202, 31
203, 30
204, 27
205, 20
206, 32
207, 32
208, 23
209, 25
210, 35
211, 27
212, 24
213, 24
214, 27
215, 24
216, 23
217, 24
218, 23
219, 23
220, 23
221, 25
222, 16
223, 23
224, 31
225, 21
226, 17
227, 19
228, 20
229, 21
230, 23
231, 25
232, 31
233, 30
234, 23
235, 18
236, 23
237, 19
238, 24
239, 23
240, 31
241, 15
242, 24
243, 21
244, 22
245, 17
246, 13
247, 16
248, 26
249, 21
250, 20
251, 21
252, 19
253, 16
254, 16
255, 17
256, 16
257, 16
258, 13
259, 20
260, 9
261, 10
262, 8
263, 24
264, 17
265, 13
266, 19
267, 10
268, 17
269, 22
270, 15
271, 18
272, 15
273, 9
274, 11
275, 21
276, 21
277, 11
278, 19
279, 23
280, 11
281, 12
282, 18
283, 15
284, 10
285, 19
286, 16
287, 15
288, 17
289, 11
290, 17
291, 12
292, 10
293, 18
294, 12
295, 17
296, 14
297, 7
298, 17
299, 14
300, 7
301, 9
302, 12
303, 17
304, 10
305, 12
306, 15
307, 12
308, 11
309, 22
310, 11
311, 15
312, 17
313, 14
314, 6
315, 7
316, 13
317, 11
318, 12
319, 8
320, 9
321, 10
322, 9
323, 12
324, 13
325, 10
326, 10
327, 9
328, 8
329, 6
330, 16
331, 13
332, 7
333, 6
334, 9
335, 13
336, 7
337, 7
338, 11
339, 12
340, 4
341, 10
342, 15
343, 11
344, 9
345, 3
346, 6
347, 9
348, 9
349, 7
350, 11
351, 6
352, 12
353, 7
354, 8
355, 8
356, 7
357, 3
358, 9
359, 2
360, 11
361, 8
362, 5
363, 3
364, 7
365, 9
366, 8
367, 8
368, 8
369, 9
370, 7
371, 9
372, 4
373, 3
374, 5
375, 8
376, 6
377, 7
378, 10
379, 5
380, 6
381, 7
382, 8
383, 13
384, 5
385, 6
386, 4
387, 4
388, 9
389, 7
390, 6
391, 5
392, 7
393, 5
394, 4
395, 7
396, 10
397, 6
398, 3
399, 9
400, 4
401, 6
402, 2
403, 8
404, 7
405, 9
406, 7
407, 3
408, 4
409, 7
410, 5
411, 4
412, 6
413, 8
414, 4
415, 2
416, 7
417, 6
418, 6
419, 6
420, 3
421, 7
422, 6
423, 2
424, 9
425, 5
426, 4
427, 4
428, 3
429, 8
430, 9
431, 3
432, 6
433, 7
434, 5
435, 6
436, 5
437, 1
438, 4
439, 6
440, 6
441, 4
442, 6
443, 2
444, 2
445, 10
446, 4
447, 6
448, 5
449, 9
450, 6
451, 6
452, 6
453, 7
454, 2
455, 5
456, 4
457, 2
458, 4
459, 7
460, 6
461, 4
462, 3
463, 5
464, 3
465, 7
466, 4
467, 5
468, 1
469, 6
470, 4
471, 2
472, 2
473, 3
474, 4
475, 4
476, 5
477, 3
478, 3
479, 1
480, 9
481, 4
482, 5
484, 4
485, 7
486, 5
487, 5
488, 6
489, 3
490, 5
491, 2
492, 2
493, 4
494, 3
495, 7
496, 3
497, 2
498, 3
499, 7
500, 1
501, 7
502, 2
503, 3
504, 2
505, 3
506, 1
507, 2
508, 5
509, 1
510, 4
511, 3
512, 5
514, 4
515, 3
516, 4
517, 4
518, 5
519, 2
520, 1
521, 3
522, 10
523, 3
524, 8
527, 5
528, 6
529, 4
530, 4
531, 1
533, 3
534, 2
535, 1
536, 3
537, 7
538, 1
539, 2
540, 2
541, 4
542, 3
543, 1
544, 3
545, 10
546, 2
547, 3
548, 1
549, 5
550, 3
551, 2
552, 2
553, 3
554, 3
555, 2
556, 4
557, 2
558, 1
560, 4
561, 3
562, 3
563, 1
564, 1
565, 2
566, 4
567, 1
568, 3
569, 3
570, 1
572, 1
573, 6
574, 6
575, 2
576, 3
577, 2
578, 2
579, 4
580, 2
581, 1
582, 2
583, 1
584, 3
585, 3
587, 3
588, 1
589, 2
591, 4
592, 1
593, 1
594, 3
595, 2
596, 2
597, 2
598, 2
599, 1
600, 6
601, 3
602, 4
603, 3
604, 2
605, 2
606, 5
607, 1
608, 2
609, 2
610, 3
611, 6
612, 3
613, 2
614, 2
615, 1
616, 2
617, 1
619, 1
620, 5
622, 2
623, 6
624, 3
625, 3
626, 1
627, 3
628, 2
629, 1
630, 2
631, 3
632, 2
633, 2
634, 4
635, 1
636, 1
637, 2
638, 5
639, 2
640, 3
641, 2
642, 1
643, 4
644, 3
645, 3
646, 5
647, 3
648, 3
650, 4
651, 2
652, 1
653, 2
654, 3
655, 2
656, 2
657, 2
659, 4
660, 2
661, 3
662, 3
663, 2
664, 4
665, 3
666, 4
667, 1
668, 1
669, 2
671, 3
672, 1
673, 2
674, 4
675, 2
676, 4
677, 4
678, 2
679, 1
682, 2
683, 1
684, 1
685, 1
688, 2
689, 2
690, 2
693, 1
694, 4
695, 5
696, 6
697, 2
698, 1
699, 1
700, 3
701, 1
702, 1
703, 2
705, 3
706, 2
707, 2
708, 3
709, 2
710, 3
711, 2
712, 2
713, 1
714, 1
715, 2
718, 1
719, 2
721, 4
722, 6
723, 4
724, 3
726, 1
727, 1
728, 2
729, 2
730, 2
731, 2
736, 1
737, 2
738, 4
739, 1
742, 1
743, 2
745, 1
746, 3
747, 2
748, 3
749, 2
750, 1
751, 3
752, 1
753, 2
754, 4
755, 1
756, 1
758, 1
759, 1
761, 1
762, 1
764, 2
765, 1
766, 1
767, 1
768, 1
769, 3
770, 1
771, 2
772, 2
774, 1
775, 2
776, 1
778, 1
780, 1
781, 2
782, 3
783, 1
784, 3
788, 1
789, 1
793, 3
794, 1
795, 1
797, 1
798, 3
800, 2
801, 2
802, 2
803, 1
804, 2
805, 1
806, 1
807, 1
810, 1
811, 1
812, 1
813, 5
814, 2
815, 1
817, 3
820, 2
821, 2
824, 1
826, 2
827, 2
830, 2
831, 1
832, 1
835, 1
837, 2
839, 2
840, 1
842, 1
845, 1
846, 1
850, 1
851, 1
852, 2
853, 3
854, 1
856, 3
860, 1
863, 3
864, 1
865, 2
866, 2
869, 1
870, 1
872, 1
873, 1
874, 1
875, 1
876, 2
880, 1
881, 2
882, 2
883, 2
884, 1
888, 1
891, 2
895, 1
896, 1
898, 2
902, 2
904, 2
906, 2
907, 3
910, 1
911, 1
914, 1
915, 1
916, 3
917, 2
920, 3
922, 2
923, 2
925, 1
926, 2
927, 3
928, 1
932, 1
934, 1
935, 1
936, 1
937, 2
938, 1
939, 1
941, 1
943, 1
945, 3
946, 1
947, 1
948, 1
949, 3
950, 1
953, 1
954, 2
955, 1
957, 1
965, 1
967, 1
969, 1
971, 1
972, 1
973, 1
977, 1
978, 2
979, 1
982, 2
983, 1
984, 1
986, 1
989, 1
990, 2
995, 1
997, 1
1003, 1
1004, 2
1006, 1
1007, 1
1008, 1
1010, 1
1011, 2
1012, 1
1013, 1
1014, 2
1016, 2
1017, 2
1019, 1
1022, 1
1024, 1
1025, 1
1029, 1
1035, 1
1038, 1
1042, 1
1043, 1
1045, 1
1048, 1
1053, 1
1059, 1
1060, 2
1061, 1
1062, 1
1063, 3
1067, 1
1069, 1
1070, 1
1076, 1
1077, 1
1080, 1
1082, 1
1086, 1
1087, 1
1090, 1
1093, 1
1094, 1
1095, 2
1098, 2
1099, 2
1105, 3
1107, 1
1111, 1
1114, 1
1118, 1
1122, 1
1123, 1
1125, 1
1126, 1
1130, 2
1133, 2
1135, 1
1136, 1
1139, 1
1141, 2
1142, 2
1144, 1
1147, 2
1148, 2
1152, 1
1153, 2
1155, 1
1157, 1
1158, 1
1168, 2
1171, 1
1176, 1
1177, 1
1178, 2
1179, 2
1181, 1
1188, 1
1189, 1
1201, 1
1202, 1
1205, 1
1206, 1
1208, 1
1211, 1
1216, 2
1219, 1
1222, 3
1223, 1
1229, 2
1230, 1
1236, 1
1238, 3
1245, 1
1246, 1
1248, 1
1251, 1
1256, 1
1258, 2
1259, 1
1263, 2
1264, 1
1267, 1
1270, 1
1275, 1
1277, 2
1282, 1
1289, 1
1292, 2
1295, 1
1299, 1
1304, 1
1314, 2
1315, 1
1317, 1
1320, 1
1324, 1
1326, 1
1327, 1
1330, 1
1332, 1
1333, 1
1339, 1
1352, 1
1353, 1
1355, 1
1364, 1
1372, 1
1379, 1
1383, 1
1384, 1
1387, 1
1388, 1
1394, 1
1398, 1
1401, 1
1409, 1
1423, 1
1425, 1
1433, 1
1440, 1
1445, 1
1450, 2
1461, 1
1462, 1
1478, 1
1486, 1
1490, 1
1494, 1
1500, 1
1504, 1
1514, 1
1518, 1
1520, 1
1521, 1
1530, 1
1546, 1
1548, 1
1552, 1
1572, 1
1580, 1
1588, 1
1593, 1
1599, 1
1605, 1
1613, 2
1616, 1
1623, 1
1624, 1
1630, 1
1632, 1
1633, 1
1642, 1
1647, 1
1655, 1
1664, 1
1680, 1
1684, 1
1685, 1
1687, 1
1688, 1
1694, 1
1707, 1
1710, 1
1724, 1
1752, 1
1766, 1
1770, 1
1785, 1
1791, 1
1796, 1
1797, 1
1801, 1
1807, 1
1813, 1
1820, 1
1824, 1
1825, 1
1827, 1
1831, 1
1836, 1
1837, 1
1838, 1
1840, 1
1842, 1
1847, 1
1857, 2
1864, 1
1866, 1
1874, 1
1879, 1
1881, 1
1884, 1
1898, 1
1919, 1
1922, 1
1926, 1
1930, 1
1938, 1
1948, 1
1956, 1
1962, 1
1983, 1
1997, 1
2000, 1
2009, 1
2010, 1
2011, 1
2040, 1
2044, 1
2045, 1
2058, 1
2060, 1
2062, 1
2069, 1
2076, 1
2088, 2
2090, 2
2101, 1
2139, 1
2141, 1
2161, 1
2167, 1
2177, 1
2194, 1
2197, 1
2216, 1
2228, 1
2240, 1
2251, 1
2255, 1
2342, 1
2356, 1
2358, 1
2359, 1
2367, 1
2390, 1
2413, 1
2462, 1
2465, 1
2467, 1
2502, 1
2510, 1
2516, 1
2520, 1
2521, 1
2540, 1
2570, 1
2583, 2
2587, 1
2589, 1
2610, 1
2638, 1
2643, 1
2657, 1
2675, 1
2682, 1
2687, 1
2803, 1
2833, 1
2855, 1
2862, 1
2885, 1
2886, 1
3009, 1
3084, 1
3102, 1
3132, 1
3136, 1
3165, 1
3167, 1
3178, 1
3202, 1
3239, 1
3274, 1
3293, 1
3366, 1
3407, 1
3411, 1
3470, 1
3486, 1
3497, 1
3567, 1
3623, 1
3636, 1
3676, 1
3683, 1
3697, 1
3736, 1
3766, 1
3768, 1
3792, 1
3843, 1
3850, 1
3860, 1
3917, 1
3991, 1
4014, 1
4028, 1
4201, 1
4309, 1
4350, 1
4697, 1
4933, 1
5228, 1
5653, 1
5871, 1
5982, 1
6444, 1
6657, 1
8417, 1
8829, 1
9740, 1
